Ax  Ay  Az  Rx  Ry  Rz  T
-9.30  -5.10  -2.70 6.58  -0.70  2.72 4.40  
-2.20  2.30  0.90 -5.60  -8.35  -5.08 4.20  
8.70  0.30  2.70 7.29  -1.60  -3.88 30.30  
6.90  0.90  5.70 5.60  -0.67  0.99 27.80  
-8.40  3.50  -0.30 8.26  5.12  2.67 31.00  
-6.70  7.90  4.90 -4.21  -1.79  9.67 17.20  
9.30  3.60  -1.50 7.45  2.28  -9.09 19.40  
5.70  -9.90  5.30 -2.92  9.44  6.68 49.00  
2.40  9.60  3.00 -0.97  7.22  -3.34 4.90  
-7.60  -9.90  -4.70 -0.23  4.08  -7.72 43.30  
-0.20  8.10  -6.50 -9.87  8.65  8.14 6.30  
3.60  -7.50  -3.10 -8.85  -9.06  6.29 0.10  
1.70  9.50  0.50 -5.96  4.51  -7.02 18.80  
2.30  0.50  -1.80 -2.48  5.66  -2.84 33.70  
-6.20  4.40  0.10 -1.03  8.71  8.28 13.70  
5.80  7.70  9.70 -7.06  9.04  6.09 23.10  
4.50  7.50  -6.50 -7.02  -8.58  -6.01 46.80  
-8.80  -4.00  5.70 5.94  -9.92  -6.05 46.80  
1.30  3.00  -9.40 -0.38  9.42  3.65 8.20  
-4.80  6.70  -7.90 6.95  -2.88  6.71 40.10  
9.00  -6.90  3.80 0.57  6.16  7.90 14.00  
-2.10  3.50  -9.40 9.72  -9.02  0.95 31.90  
-4.60  -7.70  -1.10 -2.40  -0.95  -8.74 12.30  
0.60  -8.70  7.00 2.38  0.94  -7.80 34.40  
6.60  3.40  -7.40 3.94  3.63  -2.62 34.40  
9.00  5.00  5.90 -3.77  -0.53  3.85 21.70  
-2.80  3.90  -5.30 -6.15  4.96  -1.15 12.30  
-8.00  4.40  6.80 7.35  9.15  6.25 3.40  
-5.80  -8.90  -2.10 -8.48  2.44  2.95 31.80  
9.60  -0.80  -8.50 -0.09  -9.67  -3.31 39.70  
5.30  4.70  -7.50 2.10  6.62  -7.89 30.80  
7.70  6.10  -7.50 3.35  8.68  9.95 27.60  
6.70  -6.10  -2.60 3.31  -4.44  -6.99 37.20  
6.00  -0.60  8.40 7.55  7.89  4.07 1.50  
9.30  6.90  -2.00 4.55  -1.45  5.06 46.30  
0.20  -2.40  0.80 2.49  -6.69  8.44 13.80  
-9.20  9.70  -4.90 -1.51  2.03  7.31 3.10  
-8.60  -8.10  7.50 -9.91  -8.20  9.29 22.30  
-4.60  -4.00  3.70 5.45  3.17  5.25 20.00  
-4.40  6.40  9.70 -3.52  7.04  5.50 15.00  
7.60  -8.80  5.40 -2.03  -4.96  -6.19 24.80  
-3.50  7.80  -0.10 -7.91  1.29  -4.47 48.30  
-5.30  -9.30  7.30 3.22  -6.95  1.76 5.30  
-7.60  -7.00  6.60 4.00  -5.56  3.70 28.50  
-8.40  -0.20  5.50 1.33  5.57  -4.24 17.80  
-3.40  5.70  1.10 8.78  -3.86  -1.81 23.70  
3.30  9.10  2.00 -2.38  -3.67  -8.03 3.10  
8.80  8.90  -2.70 -1.23  3.04  3.58 20.00  
-4.60  6.00  1.50 9.47  4.80  7.30 45.50  
4.60  0.70  -6.20 -10.00  -0.74  0.35 35.70  
1.30  1.40  9.30 3.60  -6.46  -5.82 35.70  
8.50  2.90  -8.50 -4.37  -8.98  -0.83 14.30  
-8.10  6.70  4.70 2.69  3.95  3.03 47.30  
0.30  4.80  8.50 6.58  4.59  4.06 43.00  
-7.60  3.20  7.30 6.03  -1.03  9.20 45.00  
-6.90  -2.00  -9.70 9.00  -4.80  -4.67 25.80  
-9.70  -2.40  5.00 9.34  -2.20  8.79 33.20  
7.40  4.90  4.20 -7.51  -2.29  -6.90 37.90  
8.30  7.00  -6.00 -2.77  6.50  -0.29 22.90  
1.80  4.60  -0.10 2.30  6.21  -2.24 12.40  
-5.60  5.80  -0.40 -2.29  0.64  5.60 9.80  
5.10  4.00  0.30 5.51  -1.99  2.05 8.00  
-8.20  -2.60  -5.10 -5.87  3.20  0.25 1.20  
8.30  8.80  1.70 -9.92  5.50  3.24 19.50  
-4.30  1.10  -1.00 -3.34  -5.90  -4.07 5.30  
6.50  6.00  4.20 4.03  -6.48  3.07 14.10  
1.00  -10.00  9.90 1.27  -8.29  7.87 41.40  
-7.50  -5.90  1.70 3.48  8.42  -6.85 47.40  
-5.50  7.30  -8.00 9.11  2.39  0.54 30.50  
2.90  -4.70  8.90 1.66  -6.44  3.04 36.00  
-0.20  9.20  2.00 -8.84  5.80  -1.33 35.20  
3.90  -0.20  0.10 -1.89  -3.84  -1.09 17.10  
2.80  -2.90  -3.90 0.45  1.20  -7.60 15.80  
-4.70  -7.30  5.00 7.11  5.63  5.94 3.30  
2.70  -7.30  9.50 5.31  4.42  5.16 0.60  
1.50  2.40  -9.90 0.97  -3.39  1.03 32.40  
0.80  3.60  -1.90 0.15  7.10  2.16 40.50  
7.30  8.10  2.00 -2.09  1.69  8.65 32.70  
3.60  2.80  2.50 -6.16  -8.33  9.49 47.60  
-5.40  7.60  -3.40 4.67  -4.80  3.84 49.10  
-9.00  -4.20  -8.90 -2.56  5.18  7.18 43.40  
-7.50  6.70  -1.10 8.18  0.14  8.25 41.80  
-7.20  -7.10  -6.60 -2.73  2.40  7.54 4.00  
9.60  3.50  -1.70 -9.52  -1.35  0.11 25.20  
-3.60  -2.40  -6.30 -3.25  -7.55  -2.90 41.50  
9.20  1.00  4.70 0.37  2.99  -5.53 21.50  
-0.70  7.90  2.90 1.64  9.79  5.01 2.50  
-1.10  5.80  -6.70 8.00  0.89  6.70 21.70  
-5.40  -6.20  4.30 -6.62  9.36  3.21 21.90  
-0.40  -5.30  8.80 -6.41  9.87  0.35 23.50  
1.20  -1.60  8.90 7.84  7.34  -3.33 1.90  
-8.50  -5.50  7.60 -3.39  8.25  -1.81 13.10  
0.30  -0.20  9.80 -3.61  -9.96  5.03 17.90  
6.50  9.10  0.70 -0.76  -6.35  1.21 45.40  
0.60  -5.00  0.30 -1.68  0.32  -8.59 15.40  
7.70  -8.30  0.00 2.89  4.65  -2.53 12.20  
-2.10  1.70  1.60 -9.52  -2.38  0.29 3.90  
0.80  0.30  -4.30 -2.39  7.52  4.66 12.10  
5.70  9.60  5.50 -0.70  4.94  5.55 22.10  
1.20  -0.70  -7.30 -7.68  4.44  -2.09 19.80  
5.20  -4.40  7.00 -6.97  4.39  -0.86 29.90  
6.60  -6.50  2.10 -9.57  -2.48  -9.14 21.90  
5.00  -9.00  -7.70 -3.31  6.05  9.43 31.10  
-6.90  9.20  -8.40 -3.01  -0.29  -3.61 37.00  
-6.40  -0.90  -4.30 -1.67  3.28  -8.23 41.00  
-1.70  7.60  -1.10 -9.09  -5.66  -2.89 40.40  
-7.40  -0.90  9.00 -4.78  3.64  -1.10 38.40  
-8.70  -5.90  2.70 -8.21  7.84  -4.63 37.00  
6.10  8.10  6.50 8.02  7.32  3.32 35.40  
5.90  -5.30  7.70 -5.38  0.10  8.19 15.00  
7.70  4.10  -6.40 -2.80  -7.01  -8.88 25.90  
5.60  9.00  5.20 -9.52  0.14  0.44 41.80  
5.00  0.10  -0.50 8.21  7.31  -4.99 24.50  
6.10  -4.30  1.00 9.28  -1.95  -8.27 13.70  
-3.10  -0.40  0.30 4.21  -3.25  -4.82 30.00  
-1.10  -3.80  -4.60 -7.37  -3.57  -1.11 25.00  
3.50  -8.50  6.40 -5.06  -0.37  7.58 15.20  
-0.80  1.60  1.40 4.20  -9.40  4.50 36.80  
4.10  -5.30  9.60 -2.13  -4.99  -7.66 12.80  
7.10  -5.20  -2.50 2.53  8.71  3.29 29.30  
1.90  -2.90  -8.00 7.64  0.79  -3.70 41.00  
-2.00  1.30  4.20 -8.62  -6.18  -9.56 32.80  
9.30  7.50  8.00 0.00  5.96  9.47 37.00  
-1.30  4.30  3.30 -1.48  -7.39  -1.76 40.00  
8.00  7.80  -4.30 4.23  4.98  0.14 34.50  
-3.80  0.90  -9.00 -1.51  2.18  2.90 5.50  
4.30  5.50  8.50 -4.66  -7.25  3.21 15.10  
-7.40  -4.90  -4.10 -2.17  -2.86  -5.63 37.90  
-0.20  0.00  3.70 -7.15  8.78  -7.16 34.20  
1.50  6.00  -3.30 1.40  -2.93  5.66 22.80  
6.20  6.30  6.90 -1.10  -3.77  -7.22 31.30  
6.10  -9.00  -6.00 -0.22  -10.00  3.94 0.70  
-4.40  5.10  8.60 4.31  -4.56  -2.61 27.60  
8.40  -4.80  0.80 5.14  4.54  0.19 2.80  
-2.90  7.00  -3.70 9.47  -9.76  -4.57 35.40  
-9.20  8.10  5.20 -7.12  -8.37  -6.41 1.90  
7.90  5.60  -3.90 -5.13  -6.47  8.99 28.80  
-5.60  -2.00  -3.40 -7.17  2.74  -7.64 40.90  
6.70  -6.60  3.90 6.84  6.51  5.49 26.60  
-3.30  1.00  8.90 -6.73  7.73  5.81 29.50  
3.60  -2.60  -6.50 -7.69  -0.28  0.28 29.80  
-3.00  8.70  -0.30 0.89  -3.54  0.90 11.10  
-8.80  -3.70  1.20 7.81  9.51  2.30 32.10  
-8.70  2.80  5.00 -4.00  -0.41  7.54 49.20  
9.40  3.00  -6.80 5.59  -2.23  7.79 13.20  
-2.80  8.30  -1.90 1.53  -3.78  -4.79 45.60  
-8.20  9.10  0.00 -8.04  -8.80  -2.96 9.90  
2.90  4.40  7.50 -1.30  -5.84  -4.01 8.00  
-8.20  -1.20  -4.80 -8.72  -2.00  6.62 34.00  
4.90  8.50  8.30 -4.85  -3.41  -1.22 45.90  
6.10  8.20  -5.20 -9.46  4.40  3.81 27.00  
-7.20  -4.90  4.40 8.69  5.95  -5.31 21.00  
7.20  2.30  2.50 -7.81  -1.50  4.31 24.30  
-5.40  -3.10  -3.00 3.94  -3.90  -6.08 6.40  
2.40  6.10  1.90 6.20  5.62  6.61 22.50  
-6.60  4.90  -1.00 3.22  -7.40  -9.07 42.80  
2.20  8.10  6.60 -5.32  0.23  -2.78 13.90  
1.70  9.30  6.40 1.78  9.56  -2.29 34.10  
